scanner 8: (1097, -115, -112, 0, 2, 1)
scanner 11: (-33, -61, -1239, 1, 0, 2)
scanner 17: (-55, 1187, -97, 2, 1, 0)
scanner 12: (1074, -1275, 45, 0, 2, 1)
scanner 2: (1174, 52, -1197, 1, 2, 0)
scanner 23: (1131, -1276, -1223, 1, 0, 2)
scanner 18: (1070, 1093, -62, 2, 1, 0)
scanner 13: (1079, 1212, -1164, 0, 1, 2)
scanner 6: (2353, -1317, -1185, 1, 0, 2)
scanner 24: (2395, -106, -98, 1, 0, 2)
scanner 16: (2274, -1197, -71, 2, 0, 1)
scanner 4: (2235, -1278, 1231, 0, 1, 2)
scanner 9: (1085, 2334, 30, 2, 0, 1)
scanner 27: (-43, 2417, -105, 0, 2, 1)
scanner 1: (1167, -2366, -1155, 1, 2, 0)
scanner 21: (1127, -2418, -93, 0, 2, 1)
scanner 34: (-107, -2447, 37, 1, 2, 0)
scanner 26: (2298, -2362, 1159, 1, 2, 0)
scanner 32: (3507, -1224, 1185, 0, 1, 2)
scanner 31: (2325, -1216, 2449, 0, 1, 2)
scanner 15: (1126, -1165, 2407, 2, 1, 0)
scanner 10: (3482, -1294, 2448, 0, 1, 2)
scanner 7: (1043, -3698, -1315, 1, 0, 2)
scanner 5: (-176, -3622, -1332, 0, 2, 1)
scanner 28: (2384, -3626, 1097, 0, 1, 2)
scanner 14: (4788, -1246, 1252, 2, 0, 1)
scanner 22: (4780, 56, 1252, 2, 0, 1)
scanner 3: (-118, -1199, 2300, 1, 2, 0)
scanner 29: (-37, -4786, -1203, 1, 0, 2)
scanner 19: (-85, -4917, 50, 1, 2, 0)
scanner 25: (5917, -1266, 1251, 2, 1, 0)
scanner 30: (5920, -1317, 2386, 1, 2, 0)
scanner 33: (4709, 1128, 1142, 0, 1, 2)
scanner 20: (4778, 2364, 1246, 2, 1, 0)